baseMean log2FoldChange lfcSE stat pvalue padj protein
evgLocus_542749 609.403061226407 27.3302965571824 2.9478169518645 9.27136827132226 1.83773082968798e-20 3.93458170636198e-16 .
evgLocus_168041 29.4215790074058 23.6717061024339 2.94818153290844 8.02925662419481 9.80650396751881e-16 1.04978624972289e-11 STUB_DROME
evgLocus_144238 9.38444606712028 22.2842797565568 2.94899763363338 7.55656074538825 4.13866661433271e-14 2.95362840709544e-10 PRS6B_MANSE
evgLocus_472231 16.6974699489449 21.9136522118917 2.94847418531733 7.43220080440799 1.06805491637263e-13 5.71676393988452e-10 .
evgLocus_689107 279.327672955996 10.1953340399298 1.39928182582704 7.28611910177844 3.19010984448044e-13 1.36600503540653e-09 .
evgLocus_243915 4.85342092286458 21.3705737262146 2.95011150402525 7.24398847198005 4.35678468150739e-13 1.55464600051789e-09 .
evgLocus_747079 16755.2039403305 10.3274410201108 1.52489098515155 6.77257661083518 1.2650877355218e-11 3.8693612025031e-08 .
evgLocus_512844 14373.2067104512 11.1627136578189 1.75408974194405 6.36382129767618 1.96795091920426e-10 5.2667286475204e-07 .
evgLocus_450646 11879.7017777393 9.20190539553847 1.46688739936595 6.27308230987322 3.53969657253793e-10 7.00287250561241e-07 .
evgLocus_447277 369.861861061858 10.2364974406861 1.69014890520562 6.05656543583701 1.39058588470606e-09 2.48103698262973e-06 .
evgLocus_168472 673.575347557976 5.84406249835179 0.973861976614461 6.00091454301165 1.96209241433107e-09 3.23141527621756e-06 NOB1_BOVIN
evgLocus_738537 231.121215046906 12.3027765441136 2.05911672266668 5.97478346355267 2.30395998928176e-09 3.52341309789447e-06 .
evgLocus_343766 3117.20836091924 5.60672418494716 0.958486886154268 5.84955753275143 4.92882380943840e-09 6.59538236000475e-06 .
evgLocus_226555 69.1364003050362 3.98634516836297 0.685167658564425 5.81805798702646 5.95352503213231e-09 7.49793946693839e-06 .
evgLocus_479805 50.8168448100827 10.2047282235921 1.76161127805491 5.79283769961989 6.920698070526e-09 8.19193763918784e-06 .
evgLocus_628212 2752.75083240984 11.3067926567407 1.95585413805017 5.78099994103482 7.42579166985507e-09 8.19193763918784e-06 .
evgLocus_687473 55438.250809042 2.91183618619427 0.506301250962411 5.75119295213919 8.86159058311825e-09 9.03460258974104e-06 COX1_CHOOC
evgLocus_385515 910.549832976305 2.78809624648296 0.488466450078108 5.70785618139616 1.14408025937652e-08 1.11339810696597e-05 COX1_CHOOC
evgLocus_145008 7558.90974662109 7.58576513488102 1.35705730869394 5.58986351297258 2.27248161791353e-08 2.11538397563168e-05 .
evgLocus_107612 67.2383724871353 2.31722270709925 0.417530761124381 5.54982512152908 2.85955494676872e-08 2.55096130876327e-05 VPP1_XENLA
evgLocus_674139 183.648697046243 5.831418519373 1.06739634945812 5.46321759703733 4.67580863736697e-08 3.85034857407796e-05 AK2E4_BOMMO
evgLocus_372707 855.191505244616 2.6835831626277 0.500429128184455 5.36256387065971 8.20489421257492e-08 6.05747534797341e-05 COX1_AEDAE
evgLocus_739106 191.376325107612 11.1319330722103 2.09463774576866 5.31449082052381 1.06955973418174e-07 7.38686255123582e-05 .
evgLocus_464665 625.307294490747 10.7120489845564 2.08779228939407 5.13080206252955 2.88510172517707e-07 0.000181676552753062 .
evgLocus_451426 76.1440756749438 8.29330383458103 1.62423131281023 5.10598691773281 3.29072457595696e-07 0.000201298323346396 .
evgLocus_540142 13.6328302346206 3.61896119251349 0.713766156488549 5.07023366072351 3.97327589133204e-07 0.000229913072522754 .
evgLocus_13309 31642.7045820867 2.62210720821486 0.518618225127846 5.0559488293503 4.28256160680269e-07 0.000241288536846436 COX1_CHOBI
evgLocus_285503 78.3691511445541 7.62545758925801 1.51386272349395 5.03708656730689 4.72671045382976e-07 0.000252997177041238 .
evgLocus_144782 72.0220919737944 6.27392924792178 1.24982792253151 5.01983443865937 5.17160330612164e-07 0.000270058601912352 AK2E4_BOMMO
evgLocus_521625 739.341471955145 8.90057292275899 1.77746110890161 5.00746422984137 5.51517968087412e-07 0.000271467481228975 .
evgLocus_559501 10.0327286454866 5.69536127691274 1.13787756031707 5.00524966440652 5.57896738630309e-07 0.000271467481228975 DLDH_MANSE
evgLocus_484745 1273.45521872208 3.78332210744223 0.758244357875401 4.98958161461707 6.05102052596704e-07 0.000287894109913232 CBPB_ASTAS
evgLocus_207400 4488.22426292079 8.19146700686177 1.64860890669121 4.96871451659338 6.73982113933825e-07 0.000307487681554792 .
evgLocus_489046 41.1059410781705 2.64640116317023 0.534138397894843 4.95452334750746 7.25078104865385e-07 0.000323415046357665 .
evgLocus_224380 41.0286285092446 2.62512158335435 0.531246777567746 4.94143530690799 7.75495485631918e-07 0.000338844047905701 .
evgLocus_550388 2621.40797767463 8.55789541446675 1.75076793435246 4.88808096524339 1.01823655750788e-06 0.000436008893924876 .
evgLocus_477876 2305.34976089063 8.21898516813557 1.68970162492397 4.86416361735192 1.14941804414176e-06 0.000482530202452451 .
evgLocus_491864 49.702208173268 2.70003488535008 0.556929591811445 4.84807222501512 1.24667015449636e-06 0.000513292461687827 .
evgLocus_198411 1653.06759888617 8.59568793230568 1.78771571270145 4.80819622003355 1.52298240318857e-06 0.000615227419854099 .
evgLocus_422914 525.85776238246 6.05548249766221 1.26326613680901 4.79351288000028 1.63885932128453e-06 0.000649777371642626 CU07_LOCMI
evgLocus_614166 829.955586172221 8.95149572098535 1.87681552161971 4.76951283590203 1.84671976438938e-06 0.000718877639192302 .
evgLocus_311210 2821.11993387748 5.65638578688007 1.18961055860441 4.75482143796357 1.9862188966407e-06 0.000735890147129056 .
evgLocus_726225 1291.09314795445 10.210766616152 2.14862099743755 4.75224184643518 2.01173538180849e-06 0.000735890147129056 .
evgLocus_153650 471.456809680366 4.898968939947 1.0352500635867 4.73215999907709 2.22143198615167e-06 0.000792680980391786 RS2_DROME
evgLocus_167925 34.1260027985385 7.93989933404663 1.69031573790183 4.69728770549242 2.63638972906029e-06 0.000910404904825497 TPM2_BOMMO
evgLocus_82867 182.928336372137 12.853346001301 2.73996412455389 4.69106361142365 2.71788447109992e-06 0.000923649309940465 DDX17_DROME
evgLocus_384595 36.7373441627999 4.97206155550862 1.06387431816481 4.67354223202367 2.96048794792225e-06 0.000990375733828365 .
evgLocus_285449 174.619761372026 8.74121693373088 1.8751210773367 4.66168133854393 3.13636547492597e-06 0.00100223260922634 .
evgLocus_758443 206.620579383101 2.22465564710518 0.477075837689137 4.66310693469824 3.11470798176616e-06 0.00100223260922634 .
evgLocus_830900 7.65530536423576 3.10813854481514 0.666475760863454 4.6635432634315 3.10810804851345e-06 0.00100223260922634 PHRF1_RAT
evgLocus_476971 3857.53264596532 9.36149248707182 2.02051165508547 4.63322864954016 3.60006539609139e-06 0.00113349117838701 .
evgLocus_494295 216.667275224134 8.08338536850555 1.74619696622367 4.62913721926037 3.67192400277064e-06 0.0011393607666568 .
evgLocus_281669 142.442559387899 3.89188259827478 0.84198494352025 4.62227101354477 3.7956168732511e-06 0.00116083473183074 RL35_RAT
evgLocus_558421 101.434684117837 4.91265312916498 1.06452640755459 4.61487201660899 3.93337626192814e-06 0.00116963313566502 ALDO2_ARATH
evgLocus_545668 82.8942041660906 7.71900672133973 1.67398032319262 4.61116932761671 4.00410204858102e-06 0.00117435376520712 .
evgLocus_679652 510.358892390631 13.3373893080202 2.93168375685467 4.5493956422945 5.38002065939833e-06 0.00153581656423624 .
evgLocus_767947 91.4012331309647 3.27261665462393 0.720284365858209 4.54350643960549 5.53261144258664e-06 0.00155859488139184 .
evgLocus_223667 256.888356691518 3.94458795678017 0.868890692572732 4.53979768744039 5.63082302906774e-06 0.00156566131236805 RSSA_BOMMO
evgLocus_862579 4.81290209104815 2.65022327601795 0.586241288167571 4.52070389702817 6.16343481502281e-06 0.0016917838383287 .
evgLocus_51527 563.724710495642 4.69311942757476 1.03995987920621 4.51278892716223 6.3980687690295e-06 0.00173395762461926 TTPAL_PONAB
evgLocus_672334 30.2535678476892 7.4550064647671 1.65635799385391 4.50084250652918 6.76846443059894e-06 0.00181141029323904 CUD2_SCHGR
evgLocus_102146 11.0186119780873 2.88212053784694 0.641664202683439 4.49163367037449 7.06789186648492e-06 0.00186819215878324 .
evgLocus_333783 22.6604977433027 3.0151132249115 0.679660142798566 4.43620720864473 9.15577214672078e-06 0.00233363192453919 U520_HUMAN
evgLocus_607714 55.1423237539031 2.69911912863438 0.610944826721666 4.41794252210609 9.96449095639817e-06 0.00250987942795865 .
evgLocus_282674 18.5486188969815 2.63280571262431 0.596775503038331 4.4117188108762 1.02553243378054e-05 0.00255309876828387 .
evgLocus_251609 4665.39737877204 4.40955019524954 1.00456857076504 4.38949647000344 1.13613422583221e-05 0.00279593491667443 CUT1_CAEEL
evgLocus_171363 1300.40292224918 4.23921522927558 0.968226242011748 4.37833126735698 1.19591477680589e-05 0.00282227146814976 B2_TENMO
evgLocus_478956 501.998756510267 9.53127524470172 2.17658382048998 4.37900675130264 1.19221438975428e-05 0.00282227146814976 .
evgLocus_510362 4608.17882109607 5.22667042294375 1.19459005161613 4.37528373509616 1.21274626375422e-05 0.00282227146814976 CNGA2_RAT
evgLocus_613084 465.941928711354 8.21623571956208 1.87440641620307 4.38338006557056 1.16851991457269e-05 0.00282227146814976 .
evgLocus_723823 244.973542485762 8.32948617911149 1.9034014297049 4.3761058750507 1.20818345918127e-05 0.00282227146814976 .
evgLocus_330684 172.207915666498 3.0086946703351 0.68825517178182 4.37148138319964 1.23406374225228e-05 0.00284100050770121 .
evgLocus_168225 2229.23432267729 2.75481889205247 0.631620564644358 4.36150918170881 1.29168374713116e-05 0.00294201585383809 NDKA_DROME
evgLocus_692346 91.3180982981304 7.57820633929689 1.74079969588729 4.35329024769519 1.34109405776939e-05 0.00302240250282554 .
evgLocus_604895 630.319094446773 8.0606345053291 1.85493488672114 4.34550806232202 1.38953667826932e-05 0.00309895627934855 .
evgLocus_197612 305.495069466708 5.44974866729292 1.25562454539263 4.34026930047693 1.42308204213885e-05 0.00314105015692708 .
evgLocus_144122 12.9410830499245 4.69277310698863 1.08620314562858 4.32034571606122 1.55784943956986e-05 0.00335217112026129 LRP1B_HUMAN
evgLocus_604545 11.3680588137538 6.23694100940201 1.44339253155109 4.32102901537095 1.55303248203212e-05 0.00335217112026129 CUD2_SCHGR
evgLocus_727531 1357.54576348241 9.87374988339922 2.28599458215197 4.31923590742038 1.56570346579229e-05 0.00335217112026129 .
evgLocus_790732 29.0014256925663 1.42362472453088 0.335471647282463 4.24365139666244 2.19911887768194e-05 0.00457117817195829 ARIP4_XENTR
evgLocus_483873 22.9734806721252 1.54253266487122 0.364152048937526 4.23595767035176 2.27579650476015e-05 0.00464045744446809 UNC5C_RAT
evgLocus_691454 60.1005874995196 2.80213955178559 0.661436079411134 4.23644799400766 2.27083485905694e-05 0.00464045744446809 SEC63_MOUSE
evgLocus_790122 128.611024422178 3.00032111523881 0.708915759884525 4.23226747805343 2.31347040832307e-05 0.00467277372096198 TENM_DROME
evgLocus_168789 124.658686139413 2.46297975757991 0.584499075367475 4.21383003220566 2.51076260089062e-05 0.00497735437824705 AQP_AEDAE
evgLocus_475948 288.826450174751 3.32090038889286 0.789493826972269 4.20636650400244 2.59509258363801e-05 0.00505099383778997 .
evgLocus_238823 41.310186624962 3.18267700661916 0.757247022433315 4.20295743968994 2.63450137406659e-05 0.00506874661228286 EPHX4_HUMAN
evgLocus_251499 68.6184329621532 2.03296174793291 0.483866099826123 4.20149654762641 2.65156291721476e-05 0.00506874661228286 HIL_DROME
evgLocus_492306 1020.46876807212 8.94382849027331 2.13341922007264 4.19225082727472 2.76200372396263e-05 0.00518723681842456 .
evgLocus_688020 990.519049176312 4.5428503742446 1.08339963909985 4.19314370274209 2.75115040071744e-05 0.00518723681842456 .
evgLocus_65974 33.6000178925986 1.70672404458926 0.407479516376816 4.18849040502682 2.80816181055427e-05 0.00522806472730147 SALM_DROME
evgLocus_122648 14.8830548555739 4.3850229643054 1.05090741847642 4.17260634686803 3.01134966318527e-05 0.00555801692144799 AST5_DROME
evgLocus_168233 34.0612029224182 1.54537929042162 0.371325044662309 4.16179655166276 3.15753606303915e-05 0.00568091152182086 PAF1_XENTR
evgLocus_28611 1524.13223746856 3.7908768316731 0.914175519094361 4.14677132836435 3.37196531436872e-05 0.00585527233280071 .
evgLocus_475051 33.3428603375873 6.28847289814262 1.51516275787823 4.15036131626463 3.3195084928372e-05 0.00585527233280071 HPXW_KLEP7
evgLocus_692076 40.6682385619539 3.30731292755816 0.79950580544857 4.13669657558341 3.52341522304099e-05 0.00603490559402461 .
evgLocus_352471 40.2587186813006 2.52138544664289 0.610132737324849 4.13251951976549 3.5880828427363e-05 0.00605708593652501 .
evgLocus_223128 130.406226860313 4.46106293632437 1.08349023297768 4.11730793739076 3.83323743806824e-05 0.00626485599611 .
evgLocus_735190 126.05732189814 3.5583245462006 0.863142327962501 4.12252351776125 3.74744337688964e-05 0.00626485599611 CYB5A_ARATH
evgLocus_85267 48.6346211311628 2.65975099462749 0.645597787865344 4.11982668562403 3.79157491374701e-05 0.00626485599611 SINA_SCHMA
evgLocus_836562 4.16536191739051 2.73264322008393 0.664054094007842 4.11509129262542 3.87026203325962e-05 0.00627744773727944 .
evgLocus_459236 14.6571823359371 2.96999815295224 0.723056900769479 4.10755799411023 3.9986439505681e-05 0.00640054688996652 .
evgLocus_491528 13.1540031338235 2.15066217909413 0.523640312488542 4.10713638312785 4.00594714271608e-05 0.00640054688996652 .
evgLocus_279586 51.7215712357054 2.54817184140853 0.621773278826149 4.09823311516256 4.16315890851328e-05 0.00660246164676069 .
evgLocus_265265 25.990760010216 2.73854982628678 0.670323747334125 4.08541370819396 4.39983504254388e-05 0.00692650501918121 .
evgLocus_53621 358.403012259668 3.99213865462327 0.978898747516839 4.07819364847496 4.53869566566902e-05 0.0070415561015923 RL23A_RAT
evgLocus_760980 8.84827988545386 2.46215151741621 0.604592359053036 4.07241586921912 4.65280086004202e-05 0.007166652259964 AN13D_MOUSE
evgLocus_484939 41.7502548129007 1.36008778000903 0.334815102361389 4.06220558874611 4.86112358614975e-05 0.00743404685567615 .
evgLocus_828208 10.63204401729 2.44250642664141 0.602188548911194 4.05604927403163 4.99097348226143e-05 0.00752512269402939 SMG1_MOUSE
evgLocus_747996 18.1080750286018 2.93907966942516 0.725666544371572 4.05017937263514 5.11783882593602e-05 0.0076624426058245 .
evgLocus_644035 98.4376128403655 3.06645502606685 0.757446047382046 4.04841379351759 5.15659203053837e-05 0.00766684967873796 .
evgLocus_164827 11.2440261964652 3.19161093879463 0.790436557339565 4.03778255086896 5.39588342992669e-05 0.00776297821653794 .
evgLocus_26704 70.2395444965437 7.13047473850957 1.76537142274413 4.03907905534451 5.36614782083898e-05 0.00776297821653794 PGDH_HUMAN
evgLocus_514647 51.76540000917 4.52543869230395 1.12085356046184 4.03749325687047 5.4025397209909e-05 0.00776297821653794 .
evgLocus_559866 43.2993931889589 2.79117098971255 0.691207894168516 4.03810635448568 5.38844233199405e-05 0.00776297821653794 .
evgLocus_470969 7.59797354971465 3.00568989319887 0.745133418729721 4.0337606898948 5.4891221282994e-05 0.00783480698445934 .
evgLocus_426117 150.48583651928 2.83062334348128 0.702463851461186 4.02956442184653 5.58803005582824e-05 0.00792316049637634 .
evgLocus_828916 3.87454085689498 3.52980760345537 0.878745348471348 4.01687202054129 5.89757308478127e-05 0.00828739158374051 .
evgLocus_880144 43.9562749532523 2.81157980031806 0.700114739104178 4.01588431621305 5.92233027703082e-05 0.00828739158374051 TENM_DROME
evgLocus_758180 42.1242538888509 1.12614252286488 0.280826629302363 4.0100987775357 6.06933519952399e-05 0.00843795237803951 ASCC3_CHICK
evgLocus_495327 4.60871918647221 4.01758388163817 1.00253640728064 4.00741943380968 6.13857914578489e-05 0.00847915996846804 .
evgLocus_87296 26.3050706650358 4.98384218953976 1.2446280446408 4.00428241272523 6.22060160665164e-05 0.00853737694861613 NDUBB_MOUSE
evgLocus_821888 24.7822621493772 2.79812544563481 0.699883308526438 3.99798853829805 6.38830437655894e-05 0.00871169405746032 STXB5_HUMAN
evgLocus_823229 7.70514260278379 5.47920602318702 1.37151586703187 3.9950000979899 6.46942261964286e-05 0.0087664771067439 AP1B1_MOUSE
evgLocus_258732 21.539037412975 2.61849448807558 0.655787310658431 3.99290203625094 6.52695386676535e-05 0.00878881020675762 .
evgLocus_28150 190.003224491876 4.71746938370128 1.18417528000334 3.9837593837358 6.78335564392371e-05 0.009020599027106 PINTA_DROME
evgLocus_687841 15.4206946544408 7.0244132646844 1.76323916801799 3.98381194797321 6.78185463017731e-05 0.009020599027106 SERA_MANSE
evgLocus_417296 83.4475288935773 2.88460926624161 0.724506014354783 3.98148422385497 6.84862674805101e-05 0.00905117893060321 .
evgLocus_484362 5.03630756283794 1.9104840195334 0.481700521618338 3.96612404137507 7.30508556357492e-05 0.00936538215066701 SYMPK_HUMAN
evgLocus_759455 34.1868369268865 1.33646659853099 0.336715972868478 3.96912147394034 7.21381023126817e-05 0.00936538215066701 .
evgLocus_766434 12.5388545343998 5.67579866831576 1.43074620735709 3.9670198943251 7.27769197426545e-05 0.00936538215066701 SERA_MANSE
evgLocus_795274 14.2514089751469 2.61774482195545 0.659870200399235 3.96706021937596 7.27646119402116e-05 0.00936538215066701 .
evgLocus_880149 120.828674248979 0.993859155073358 0.251642690556432 3.94948549022322 7.83193580490054e-05 0.00998105628469765 CNOT1_XENTR
evgLocus_490902 11.7111135963554 2.31825502209949 0.587408603032193 3.94657996177226 7.92754541367043e-05 0.0100431211424073 .
evgLocus_483689 73.2551072693958 1.13900433393207 0.288746139998313 3.94465648593162 7.99144536865372e-05 0.0100645203142868 CNC_DROME
evgLocus_510243 79.2785050536825 2.23720202617026 0.569175752654143 3.93059967108206 8.47342574824864e-05 0.0105794200127372 BMR1B_CHICK
evgLocus_522346 100.520277920533 10.4275914104982 2.6534176530966 3.92987187611757 8.49911369542641e-05 0.0105794200127372 .
evgLocus_311468 3.56820647296139 4.54209322969567 1.1578259317578 3.92294999197325 8.74713124031613e-05 0.0107014902774382 SURF1_XENTR
evgLocus_471489 595.302357496932 2.25749194775783 0.575378207552338 3.92349226669743 8.72745681197004e-05 0.0107014902774382 .
evgLocus_264676 21.7041466367526 2.81339119854467 0.718592527246852 3.91514118484314 9.03513215266318e-05 0.0109910329198022 .
evgLocus_538355 73.8331460001705 2.30768999271495 0.590054686367634 3.91097646714925 9.19237293257204e-05 0.0110235265794302 IF4G2_PONAB
evgLocus_95747 5.83395683846777 4.89324924442236 1.25095283470769 3.91161769545514 9.16799588017761e-05 0.0110235265794302 SGPL_DROME
evgLocus_263559 11.7104451326688 3.95823331924431 1.01476896968109 3.90062510532645 9.59446293600945e-05 0.0113490304674012 .
evgLocus_603234 18.2834358318142 2.03989468362613 0.523254007646315 3.89847885313277 9.67988523465697e-05 0.0113871616963739 HIF1A_CHICK
evgLocus_280947 89.5996867192594 2.34248158337447 0.601230159654156 3.89614783250715 9.77347470558879e-05 0.0114344313358828 .
evgLocus_541063 55.9761841964234 4.90734452068867 1.26005784452 3.89453908170227 9.83856290711316e-05 0.0114480234696355 .
evgLocus_764630 5.80100260594087 3.87989997684915 0.997379508928094 3.89009393327016 0.000100205426042039 0.0115343987718282 MSTAA_DROME
evgLocus_283367 37.6590430121451 3.18304899814116 0.81914610063443 3.8858135266418 0.000101987772286698 0.0116146713013735 CCCP_DROME
evgLocus_727343 23.0141810647272 3.48696371012573 0.899742142895314 3.87551448785637 0.000106399648583961 0.0120529972284794 .
evgLocus_703515 52.0298361444133 2.51315912541387 0.649065600590662 3.8719647492131 0.000107961568754395 0.0121655641422715 E75_MANSE
evgLocus_825953 17.3746963896323 1.54793895454405 0.40053850849313 3.86464452660886 0.000111251101248337 0.012341378641072 .
evgLocus_449461 17.8050732795151 2.01766331399044 0.52252210507696 3.86139322027967 0.000112742283873823 0.012442331431642 POE_DROPS
evgLocus_321686 38.1833155004263 2.14347278673415 0.557076013243916 3.84772048297766 0.000119221966134848 0.0130231749742199 .
evgLocus_222423 42.6430296524986 4.82272684884372 1.25487581631029 3.84319052623387 0.000121445113861685 0.0131320196352458 MA2B1_MACFA
evgLocus_846 802.380978536995 2.28668565710852 0.596320395911905 3.83465947632342 0.000125738369947113 0.0135279321636567 CHIA_SERMA
evgLocus_758401 8.85569798001839 2.72073007519576 0.710442511997084 3.82962735091354 0.000128337454364593 0.0136444124268404 WDR7_HUMAN
evgLocus_759712 22.9037017256705 1.89906518821389 0.49579931509527 3.83031022914781 0.000127981803230994 0.0136444124268404 LOLA2_DROME
evgLocus_802918 420.200591565342 2.14668365105323 0.560767602285618 3.82811639314329 0.000129127692496815 0.0136444124268404 .
evgLocus_759297 647.891676480618 1.90613720871729 0.499113491252692 3.81904565218864 0.000133968970098223 0.014052769944332 NU5M_DROME
evgLocus_253595 64.9369003102509 2.3833285216429 0.624944234544946 3.81366590793229 0.000136920534692962 0.0141616842887745 .
evgLocus_264814 46.9546086524382 2.81695788954428 0.738586981243505 3.81398259254661 0.000136745104246444 0.0141616842887745 .
evgLocus_215929 128.49441263218 4.09190688583083 1.07378268438894 3.81074024131747 0.00013855129274437 0.0142614575848892 CU66_HYACE
evgLocus_173988 34.1753021867112 4.50196964874727 1.18375650381812 3.80312136341089 0.000142884312038305 0.0146370962714838 .
evgLocus_757510 22.8420799284411 3.97440554906727 1.04552306613879 3.80135616112717 0.000143906270823102 0.0146715869443934 APLP_MANSE
evgLocus_371691 3.21110623437111 3.37530967587855 0.888746944810438 3.79782984975378 0.00014596846339621 0.0148113023758903 HEXC_BOMMO
evgLocus_485049 526.366186092863 1.35801205798201 0.35795487891845 3.79380792932675 0.000148354448186308 0.0149823996965512 .
evgLocus_798042 12.1981234498388 2.33198770137797 0.615818499127119 3.78681008232686 0.000152593639612254 0.0153381681882552 .
evgLocus_76893 9.82871304449719 2.44754256217262 0.646874255954949 3.78364502782605 0.000154548201251479 0.015462042003711 .
evgLocus_311503 71.5915348114346 6.92508505833459 1.83103399428116 3.78206252858418 0.000155534278440442 0.0154883204716738 .
evgLocus_56104 113.46915553952 1.78483227446341 0.472593135912518 3.77667837053352 0.000158933751446395 0.0157091848230699 .
evgLocus_759444 17.9286280875722 1.45438720045147 0.385142593132943 3.77623048289923 0.000159219668687817 0.0157091848230699 .
evgLocus_271652 10.3108000275921 4.55755324512387 1.21146927674519 3.76200480904352 0.000168556806062133 0.0164785443734715 AP1M1_HUMAN
evgLocus_252074 12.7141346064909 3.81524517998772 1.01515361331788 3.75829345424695 0.000171076173126556 0.0165734880843419 SPZ4_DROME
evgLocus_53985 11.0466597262312 2.69163178097814 0.717183283325502 3.75305984336017 0.000174689131011757 0.0168472715989266 SURF1_XENTR
evgLocus_45008 19.7785999577111 8.82783354127324 2.35455687693757 3.7492547441687 0.000177360853391134 0.0170282326058484 .
evgLocus_88413 13.0330416791422 6.27960709235186 1.67593943277211 3.7469176806497 0.000179020802596767 0.0171108722481999 .
evgLocus_281164 532.322795825933 3.15144523561439 0.842308226894164 3.74143945766111 0.000182969257754613 0.0172509945806295 DHRSX_HUMAN
evgLocus_687969 164.283344162828 2.54491064448719 0.679831562012473 3.74344291540924 0.000181515854837942 0.0172509945806295 TPST_DROME
evgLocus_757543 57.869248924056 1.59819326692472 0.427146438886532 3.74155821383137 0.00018288280227744 0.0172509945806295 .
evgLocus_734383 46.7896183833085 4.01723607863777 1.07516012189523 3.7364072539785 0.00018666825470003 0.0173763797092506 YLAT2_MOUSE
evgLocus_790183 18.8979076568856 2.00884786583435 0.537583246167921 3.73681263349279 0.000186367690678913 0.0173763797092506 .
evgLocus_315542 3414.36865979567 1.93997346567318 0.519726774831281 3.7326794762555 0.000189453613285575 0.017408591675726 RL38_PLUXY
evgLocus_807445 263.133494261977 3.46346540315073 0.927526747209258 3.73408682129287 0.000188397500373924 0.017408591675726 RS11_RAT
evgLocus_276103 20.6063719711731 3.4096612198172 0.914534580811576 3.72830212367847 0.000192774186893704 0.0174885395821789 .
evgLocus_386237 26.8125262096759 3.00742457214037 0.806375252226689 3.72955961115598 0.000191814724603388 0.0174885395821789 .
evgLocus_687355 7.72890645534366 4.00296131815663 1.07359039869484 3.72857406607122 0.000192566313563469 0.0174885395821789 UDPE_NPVSL
evgLocus_358570 132.008160367979 3.15200634141243 0.847049928218611 3.72115767489794 0.000198311561857341 0.0179149811787581 .
evgLocus_182906 47.6014348933395 5.11753706313764 1.37751214724733 3.71505766636176 0.000203157358486046 0.0181991591848797 STUB_DROME
evgLocus_791281 14.7551986098279 1.50121935638101 0.404022122885429 3.71568602644741 0.000202653102753415 0.0181991591848797 ZN608_MOUSE
evgLocus_830044 9.94699639526552 2.57821738516385 0.694790616613035 3.71078325399981 0.000206618959219236 0.018432132987016 .
evgLocus_82331 108.361752152261 1.99673996079093 0.538502464219922 3.70794953312502 0.000208944283068554 0.0185622286327707 SPEN_DROME
evgLocus_222835 26.3668253033644 4.0809878582104 1.10182360792954 3.7038486277119 0.000212353002317121 0.0187097851012739 HYEP_MANSE
evgLocus_762718 14.1213124902126 1.89135849759677 0.510899547837609 3.70201638580809 0.000213892800612374 0.0187682166438973 .
evgLocus_608372 18.0852267574319 2.27733239793463 0.615526058195744 3.69981476431728 0.000215756889821169 0.0187778658986636 .
evgLocus_827477 8.66274142609016 2.47533113105407 0.669634824524989 3.69653883041398 0.000218558843096121 0.0188683259301933 MYRO1_BREBR
evgLocus_559667 658.233835472825 2.28631694113852 0.618923080162913 3.69402436977583 0.000220732633841365 0.0189198450208191 CHIA_SERMA
evgLocus_757884 40.1863529648432 1.51696606078075 0.410678404133773 3.693805287815 0.000220922991835814 0.0189198450208191 YI31B_YEAST
evgLocus_821677 60.6399723671331 1.3060106563662 0.353683176002459 3.692600454247 0.00022197261625808 0.0189339988608984 KAT6B_MACFA
evgLocus_463843 32.9903672099734 2.39355109477583 0.651540223105207 3.67368124007493 0.000239080956823167 0.020152453880252 .
evgLocus_799531 16.1430518328293 2.1325033264269 0.580910336436538 3.67096812135976 0.000241633479783374 0.0202877364790668 RDH13_MOUSE
evgLocus_535135 106.948519823189 1.25784025653467 0.342916403182645 3.66806674997322 0.000244391388580458 0.0203831921063442 SF3B1_HUMAN
evgLocus_468792 2069.53205925934 2.00406982895462 0.546832313538135 3.66487089248222 0.000247463385615704 0.0203889999529773 BIP_DROME
evgLocus_511848 9.16557029025067 2.70205761614446 0.737314546671345 3.66472847761254 0.000247601120400472 0.0203889999529773 .
evgLocus_722414 19.3810996938129 3.70239252168876 1.00998195130674 3.66580067782252 0.000246565919910728 0.0203889999529773 ALDR_RABIT
evgLocus_187884 22.4389750211468 1.8434657117335 0.504169090884025 3.65644333432085 0.000255738911260513 0.0207854072317285 .
evgLocus_4626 18.2045412763435 2.34151752078674 0.640479355574453 3.65588289522088 0.000256298342324909 0.0207854072317285 HIL_DROME
evgLocus_484744 57.7252760489108 1.82226509521248 0.498113360062647 3.658334108893 0.000253859974223464 0.0207854072317285 .
evgLocus_486027 18.9426837783046 2.26012860688321 0.618175153725321 3.65612980926676 0.00025605173112239 0.0207854072317285 .
evgLocus_311201 76.6163008462197 5.77526772925984 1.581261346808 3.65231701952244 0.000259884770905447 0.0209177930266377 .
evgLocus_120694 40.1790772928731 2.10756859144933 0.577300680340671 3.65072944346027 0.000261496588737566 0.0209686964976452 AST3_DROME
evgLocus_270899 223.934928268115 2.60043100353867 0.712753001241631 3.64843220443641 0.000263845506081767 0.0210781055418307 .
evgLocus_304302 113.041462726451 3.25944525885456 0.895692755070837 3.6390215734153 0.00027367587453784 0.0216214039625652 .
evgLocus_822067 48.4050477589102 1.59311385217624 0.439538847794171 3.62451205432987 0.000289507517838326 0.0225394762069766 EPN2_RAT
evgLocus_222503 94.0613414076894 2.65283125600715 0.732610444690713 3.62106665995883 0.000293390901822831 0.0227590551015464 MAS_DROME
evgLocus_215107 809.612429404294 2.34634706169144 0.648427355577938 3.61851954811524 0.000296293122651633 0.0228188336545736 TBB1_MANSE
evgLocus_661053 5.59040583588143 4.57750657253306 1.26486481263176 3.61896902089385 0.000295779039912968 0.0228188336545736 .
evgLocus_692200 30.6549930939043 2.79327954734427 0.772236788419886 3.61712830731587 0.000297889658082322 0.0228595612169983 CBPC1_CHICK
evgLocus_297674 58.2140055815953 4.1840715428546 1.15739125795367 3.61508825481563 0.00030024532060341 0.0229580439789965 PPIE_HUMAN
evgLocus_791297 21.0501700656605 1.15165983392035 0.318665836030596 3.61400471498858 0.00030150357413055 0.0229722118225447 BARK_DROME
evgLocus_281261 16.8147544536311 1.90710494056446 0.528352622997233 3.60953056264935 0.00030675163235785 0.0232891930807857 SPB5_XENTR
evgLocus_239168 88.4638934103604 2.31192597075139 0.640696150789077 3.6084592796508 0.000308020848279317 0.0233029200058663 .
evgLocus_790811 55.3409407575071 1.74099343145369 0.482701678103115 3.60676896400136 0.000310033475245291 0.0233428803899242 TENS_CHICK
evgLocus_372951 30.363462945377 3.31131125619039 0.918972525736859 3.60327557511612 0.000314232068528531 0.0233947595975011 .
evgLocus_535834 15.9947433087493 1.82939613012078 0.508618956394483 3.59679108912707 0.0003221670215833 0.0237848135589602 STAN_DROME
evgLocus_823365 85.6191759784824 1.48618147616079 0.413805709664742 3.59149581905206 0.000328785452031324 0.0241900224329575 RS4_BOMMO
evgLocus_360879 27.1317112692193 2.71062003435389 0.755742942690569 3.58669579460926 0.000334894628546937 0.0245481302389094 .
evgLocus_363917 97.2812954052237 2.42498597413547 0.676566722211043 3.5842525127611 0.000338044925052564 0.0245783715333793 .
evgLocus_761790 8.14979495220614 2.70965227084638 0.756087519988524 3.58378124120804 0.000338655749759313 0.0245783715333793 .
evgLocus_821883 67.0908786547609 1.31921583879022 0.368281963666254 3.58208103828218 0.000340868011021783 0.0246553517431634 G3BP2_PONAB
evgLocus_124235 40.77504512997 1.90170208918242 0.531229816775518 3.57981052480348 0.000343843433768912 0.0247090727524309 .
evgLocus_791804 29.8925393715742 2.03065532061822 0.567844933443524 3.57607367966449 0.000348793384678035 0.0248170608299286 .
evgLocus_237252 38.2337994671005 2.82587479243836 0.790625170018031 3.57422821787208 0.000351262458193068 0.024820228481563 ENPL_BOVIN
evgLocus_822236 73.7468232844048 1.53889170609023 0.430463689038311 3.57496287207925 0.000350277600203075 0.024820228481563 TPPC8_HUMAN
evgLocus_838542 24.8114672717294 1.72202557352367 0.48238068657918 3.56984767722663 0.000357188864030345 0.0250734871439006 .
evgLocus_511659 74.1950405191475 2.48229749939203 0.695759202499166 3.56775374364525 0.000360054645875982 0.0251920587196235 ETS1B_XENLA
evgLocus_483886 60.3660029151132 1.17150989445324 0.328527852681256 3.56593781894608 0.000362557335335193 0.0252024433426184 TAF3_XENLA
evgLocus_882819 116.753653892201 2.76715901263066 0.776649392853035 3.56294492482052 0.000366717638727499 0.025327176274696 E75_MANSE
evgLocus_49782 105.133071313982 1.65282435592805 0.464049744649077 3.5617396087093 0.000368405673991072 0.0253619468815076 .
evgLocus_52301 13.8190665710565 1.79818551993906 0.505311843174251 3.55856595136041 0.000372885165681028 0.0255880493500987 FAT_DROME
evgLocus_31740 14.8950462691872 1.9300143058088 0.54389511581983 3.54850457316504 0.00038742527067775 0.0263326191911448 .
evgLocus_196978 11.7844301289713 4.0044686660728 1.12899821024874 3.54692206747656 0.000389759868653991 0.0264074645186138 NUCB1_MOUSE
evgLocus_239390 30.1498423305079 2.3347361392327 0.658531019109711 3.5453700303884 0.000392062281200406 0.0264796638501599 AK2E4_BOMMO
evgLocus_645829 6.2058186513476 3.2993582070417 0.932997318622256 3.53629977405918 0.00040577396220749 0.0273195614178062 .
evgLocus_13121 31544.8650349982 1.4819670219058 0.420310302849566 3.52588792579804 0.000422065539661759 0.0278421935857809 EF1A_BOMMO
evgLocus_281830 7.6450690184256 2.17770967722487 0.616911905170179 3.53001726660492 0.000415532547333536 0.0278421935857809 .
evgLocus_335076 22.2885906984752 2.9929754942902 0.848942527785893 3.52553370379042 0.000422630394891651 0.0278421935857809 .
evgLocus_623193 42.065108176445 1.77388875633457 0.502648308803921 3.52908529734366 0.000416998701513774 0.0278421935857809 .
evgLocus_751501 78.4681728791294 3.32812235599499 0.944006796146211 3.5255279618554 0.00042263955700041 0.0278421935857809 .
evgLocus_511342 20.6350654098215 2.24431329767143 0.637512296960222 3.52042354064813 0.000430858193426622 0.0280558676028666 .
evgLocus_790685 29.8524061835019 1.09384590630714 0.310728768056781 3.52025952777972 0.000431124728694214 0.0280558676028666 MPPB_BOVIN
evgLocus_279722 115.847313539923 2.83861386306711 0.807390085259047 3.51578984544547 0.000438447888398681 0.0283600280683255 TTPAL_HUMAN
evgLocus_421621 83.1330791181723 2.010626248011 0.571775387358534 3.51646169538639 0.000437339758678141 0.0283600280683255 SYTL4_HUMAN
evgLocus_282234 8.16090000638113 2.93958377708878 0.837101638811591 3.51162109927539 0.000445382495382656 0.0287218048980201 GPN3_DANRE
evgLocus_197791 10.9851503523403 5.95991499880135 1.69912077436982 3.50764647734462 0.000452089392005714 0.0290667684169439 TAKT_DROME
evgLocus_133081 24.2989571749811 2.79155712087028 0.796521304571589 3.50468607035153 0.000457145989559126 0.0291154152242351 TENA_DROME
evgLocus_603574 81.5303550262126 2.33502419783045 0.666047155659004 3.50579411381184 0.000455247219643242 0.0291154152242351 YG31B_YEAST
evgLocus_627916 12.6432811195178 2.44100440713626 0.696629086320224 3.50402309503079 0.000458285610955967 0.0291154152242351 .
evgLocus_626400 5.29211397948212 3.1596330717846 0.90220495569168 3.50212338321978 0.00046156581870385 0.0291508087859865 STA5B_MOUSE
evgLocus_825419 57.9685571550174 1.64522257013505 0.470194829414056 3.49902310109467 0.000466966121563103 0.0293188993040059 .
evgLocus_486821 4.00747164334097 1.84786955793142 0.528386695250089 3.49719168658629 0.000470183852557246 0.0294346090153527 CUL3A_XENLA
evgLocus_332007 93.1785094790651 2.37008649416658 0.678006739321949 3.49566804680558 0.000472876584231707 0.0295168736688072 .
evgLocus_281462 9.55056412994942 2.44356261588361 0.699961467923668 3.49099590172025 0.000481223634993327 0.0299440346633442 .
evgLocus_311752 95.1039798900411 6.45222988536954 1.84862887013684 3.49027865441263 0.000482517139600829 0.0299440346633442 .
evgLocus_726237 12.6631847482825 5.36672264721724 1.5387820740516 3.48764307676571 0.000487298119752199 0.0301533316297531 .
evgLocus_451316 25.0745913597606 9.42282878870064 2.7029383262825 3.48614272737047 0.000490039473669687 0.03023557674717 .
evgLocus_791218 10.389049825367 1.67528422370205 0.48069741787329 3.48511175931393 0.000491931529543717 0.0302650978377327 .
evgLocus_883303 7.53309471532395 2.86783573007668 0.824075070993293 3.48006611414656 0.000501290061239388 0.0307524934416484 FTZF1_BOMMO
evgLocus_228334 18.1604469376622 2.72169058104054 0.783341005196616 3.47446458564671 0.000511873927354794 0.0313120593847604 .
evgLocus_514403 707.996559809374 4.77224831181702 1.37422450216281 3.47268463362882 0.000515280448268124 0.0314306393088904 GBLP_DROME
evgLocus_483319 88.5887503739403 9.72944020326996 2.80292973982292 3.47116806569852 0.000518199557576081 0.0315188992264315 .
evgLocus_779500 56.759620733953 2.298076865682 0.662209018483507 3.47031949360146 0.000519839617594657 0.0315290827555286 .
evgLocus_225106 16.3739663096105 2.4224168277831 0.699683061593963 3.46216302887845 0.000535852459972742 0.032226407775327 .
evgLocus_762083 41.5747470452003 1.14936238903857 0.332067698505917 3.46122912348877 0.000537714950009399 0.0322478349571463 MED17_DROME
evgLocus_760791 11.4315365207507 1.80499094836763 0.523084461472901 3.45066825973981 0.00055920046897894 0.0333372865631219 GLT35_DROME
evgLocus_835118 12.5246580715544 2.32320737238574 0.674570626269878 3.4439794469442 0.000573219275343101 0.0339961902634233 .
evgLocus_322983 12.2660511645608 2.71073171668738 0.788515603550417 3.43776547284781 0.000586535462381584 0.0346750630742595 .
evgLocus_836234 7.22663116719615 3.95286220224406 1.15372276783195 3.42618028564366 0.000612133932713896 0.0359062671216562 .
evgLocus_206116 1104.39330890391 2.31722618002492 0.676691869119575 3.42434464749782 0.000616284089590654 0.0360509354047429 EF2_BOMMO
evgLocus_282490 18.8314900425247 1.18715420851559 0.347698828737715 3.41431753689084 0.000639420061763773 0.0371829596447485 CBR1_PIG
evgLocus_881448 7.22847428323951 1.4785280889435 0.433114648722922 3.41371064983157 0.000640845964918833 0.0371829596447485 CNOT6_HUMAN
evgLocus_886183 13.8047419459327 2.27714575866058 0.667464791107174 3.41163427494551 0.000645746883734869 0.0373660561642258 DSCAM_CHICK
evgLocus_764190 6.7850902702553 2.5572001592295 0.749810706218057 3.41046098438321 0.000648531621803336 0.0374260431881656 .
evgLocus_762846 26.5743543792917 1.64534477340896 0.483092239492865 3.4058604939218 0.000659558727495661 0.0378890295699702 .
evgLocus_387150 9.71563188765978 1.40108166063181 0.411687016029648 3.40326900309849 0.000665846894689718 0.0379750711372969 .
evgLocus_746969 12.2957508403851 4.47235624248745 1.3143043407058 3.40283152385067 0.000666913906941785 0.0379750711372969 GUTR1_DROME
evgLocus_84676 43.2836724237225 3.18428478717384 0.936175965474794 3.40137421233505 0.000670479770333148 0.0380768484955774 ALDR_RABIT
evgLocus_534917 53.2000072604177 1.08519111322765 0.319361151705685 3.39800601116237 0.000678789285919245 0.0384467688135742 BARK_DROME
evgLocus_391572 4.72045892609386 4.09850156401528 1.20687860814935 3.39595178532496 0.000683904053795646 0.0386342633028095 .
evgLocus_484497 17.9408597498557 2.88046520704133 0.849515193895531 3.39071652601372 0.000697101640207586 0.0391730869208515 LAC4_TRAVI
evgLocus_540016 54.4300327057974 2.06956949589391 0.610306172043237 3.39103484561728 0.000696292476760169 0.0391730869208515 .
evgLocus_51026 27.5596026118634 1.94151498563175 0.573750675085719 3.38390013282631 0.000714639918405027 0.0398448975339886 EST6_APIME
evgLocus_510765 56.6310166878825 1.21266551017809 0.358347575686833 3.38404831636941 0.000714254328330909 0.0398448975339886 UBR3_DROME
evgLocus_647076 18.9431633779995 1.19663686604551 0.355000979994597 3.37079876811531 0.000749505847082298 0.0412517228432699 .
evgLocus_706974 9.7648932831046 2.25509629170733 0.669672584233869 3.3674609724202 0.000758637633203044 0.0416472608381466 RDH13_MOUSE
evgLocus_559773 113.573201087929 2.26344727629029 0.672484788710476 3.36579698795948 0.000763228573116547 0.0417776529821469 .
evgLocus_827555 6.76044063433112 1.78485878666332 0.530389040355144 3.36518791087424 0.000764915458617543 0.0417776529821469 TAF1_DROME
evgLocus_821801 42.758230860415 2.10801605980041 0.62676845471795 3.36330911987112 0.000770140746502014 0.0418495263517972 ITA2_DROME
evgLocus_90177 86.6153217220214 2.75328327727674 0.818517305580277 3.36374473515234 0.000768926271964112 0.0418495263517972 .
evgLocus_83360 17.1991571326993 3.14251410861871 0.934869012239957 3.3614485745861 0.000775347930787176 0.0420258207548188 EDA_MOUSE
evgLocus_687849 3.26000178334996 3.01548221488796 0.898048374752285 3.35781712841442 0.000785605686698738 0.0421317647024622 HEMO_MANSE
evgLocus_690977 16.8505568543103 0.944433300826505 0.281343671333177 3.35686705285108 0.000788310079998507 0.0421317647024622 .
evgLocus_724689 227.565767261447 7.66488896395484 2.28353668965771 3.3565867361228 0.000789109651830329 0.0421317647024622 .
evgLocus_484130 52.6214799376225 1.29434312899403 0.385827086036408 3.35472333549929 0.000794443954468699 0.0423110573760568 UNC51_CAEEL
evgLocus_378528 40.9694930270196 2.6011483046676 0.775997461683633 3.35200620247398 0.000802282213368234 0.0426224868193893 .
evgLocus_474739 54.0453372070175 2.69834446517306 0.805423564210443 3.3502179288959 0.000807480036575602 0.0427924445125833 BGLR_MOUSE
evgLocus_665121 26.86085618392 2.28736674814412 0.686928505801739 3.32984688919621 0.000868937515832529 0.0457099562996915 .
evgLocus_88416 10.0442700151412 3.7446828221689 1.12687111729804 3.32307995536146 0.000890293922235064 0.0466043835575861 .
evgLocus_282346 31.2843484865482 1.45119091441623 0.437235917742086 3.31901121460988 0.000903368013548132 0.0470772797878771 ECM29_DROME
evgLocus_313241 9.7434879507563 3.90367612570028 1.17619550141976 3.31890074480667 0.0009037254550592 0.0470772797878771 .
evgLocus_468824 75.548038735341 3.88543658860761 1.17190889296604 3.31547666540339 0.000914869786847691 0.0473195598638329 FACR1_DROME
evgLocus_510437 889.194766132841 1.99751972665094 0.602857356624807 3.31342017261657 0.000921624115127231 0.0474661140897957 EF2_BOMMO
evgLocus_766048 9.47302370877195 4.32981961341475 1.30683020105677 3.31322279659088 0.000922274799689631 0.0474661140897957 .
evgLocus_728708 252.837912652976 3.7407038045684 1.13019194013423 3.30979515225008 0.000933642729373529 0.047935949246732 .
evgLocus_69515 33.3195884551332 2.94943997123314 0.892111296527798 3.30613454028965 0.00094592656352525 0.0483348155729728 ALDR_RABIT
evgLocus_490900 17.3694482788112 3.45548403644279 1.04607313467749 3.30329106244387 0.000955571487996547 0.0485956901615346 CCCP_DROYA
evgLocus_538141 8.13131677633434 4.75303780894039 1.43882452012502 3.30341729825913 0.0009551413778976 0.0485956901615346 DHB13_HUMAN
evgLocus_342163 317.711054143735 3.75593078104439 1.13753417413244 3.30181797299312 0.000960603870412792 0.0487358503922699 CU66_HYACE
evgLocus_484055 24.078845627889 0.87796303144566 0.266051457722572 3.29997451982077 0.000966936071188827 0.0489411377875952 CHIF_DROME
evgLocus_610180 80.0834965509611 5.12160803804007 1.55342567091348 3.29697656858492 0.000977316542707415 0.0491181858670558 .
evgLocus_650744 56.6320956269452 8.03021265273953 2.43545224310449 3.29721622564167 0.000976482945271346 0.0491181858670558 .
evgLocus_758883 14.493332805276 1.59785305100941 0.485100701034014 3.2938584660948 0.000988222446275452 0.0495499826106731 XPC_DROME
