baseMean log2FoldChange lfcSE stat pvalue padj protein
evgLocus_223996 39594.217208267 -13.1578702091074 2.53702037920954 -5.18634785787848 2.14458068022314e-07 0.00044635872557711 .
evgLocus_367371 15203.3589241697 -12.6890630890691 2.43580388882149 -5.20939437994262 1.89458020896698e-07 0.00044635872557711 .
evgLocus_831707 926.016300162794 -13.8408133484305 2.57542748156325 -5.37418096510693 7.69315646417844e-08 0.00044635872557711 RS2_DROME
evgLocus_187406 536.884794761942 -13.0535441457966 2.69533622677486 -4.84301142696993 1.27885930927137e-06 0.00161545508985061 RS12_DROME
evgLocus_660941 21466.9772493952 -13.6641125847417 2.82273582583116 -4.84073375187997 1.29360593357673e-06 0.00161545508985061 .
evgLocus_224124 7703.46000871601 -12.463590844841 2.73700078638719 -4.55374032292217 5.27004034220737e-06 0.00278657009868989 .
evgLocus_348567 2224.72322696647 -12.0133284414375 2.59208389887042 -4.63462175999498 3.57590708552791e-06 0.00278657009868989 .
evgLocus_356824 13616.7921052786 -12.4512188129012 2.73631356571548 -4.55036256403807 5.35535573098634e-06 0.00278657009868989 .
evgLocus_457509 529.090724343112 -13.033763522056 2.81519269645982 -4.62979445010863 3.6602889461774e-06 0.00278657009868989 RL34_AEDAL
evgLocus_468828 2551.73897428561 -12.2151019529147 2.67509543876745 -4.56623033925951 4.96573111437839e-06 0.00278657009868989 .
evgLocus_646874 344.564779267575 -12.4154143311014 2.70800278068876 -4.58471254890797 4.54611424496412e-06 0.00278657009868989 COX5A_DROME
evgLocus_282442 4020.91683229906 -12.0928771097821 2.72354695376179 -4.44012066437089 8.99084524200293e-06 0.00380954558013173 .
evgLocus_362308 173.525037562279 -11.4246662812287 2.56747228316428 -4.44977200188055 8.59614975013838e-06 0.00380954558013173 RL4_DROME
evgLocus_424480 2027.82489045043 -9.75765934694735 2.20642551661976 -4.42238329526575 9.76180802083723e-06 0.00380954558013173 .
evgLocus_462897 1334.63362910839 -8.7251835085609 1.97192219434337 -4.42470982556506 9.65720009489221e-06 0.00380954558013173 BI1_DROME
evgLocus_162335 378.450944217685 -12.5505890140388 2.86321736642802 -4.38338673172276 1.16848414305741e-05 0.00429177352308851 RL10A_SPOFR
evgLocus_114112 207.678540000323 -10.323582809939 2.41687171013558 -4.27146495473685 1.94193048246905e-05 0.0059466145303308 RL44_OCHTR
evgLocus_691127 14385.1466436877 -12.8574634860134 3.0053873498616 -4.27813855229193 1.88462706695421e-05 0.0059466145303308 .
evgLocus_703977 2544.47156482569 -9.99180370930331 2.34280304137672 -4.26489275147593 1.99998246535789e-05 0.0059466145303308 KALM_CHICK
evgLocus_462821 252.819073266727 -10.3669546283756 2.50585316213148 -4.13709581432833 3.51729264367613e-05 0.00998271603050624 .
evgLocus_340780 7308.1938312611 -12.1976644476431 2.96583845741972 -4.11272044069961 3.91023792056214e-05 0.0106154459026043 .
evgLocus_475566 24579.5293903223 -11.41672462061 2.80138684104557 -4.07538311144094 4.59386532135546e-05 0.0119517062777264 .
evgLocus_178560 125.447927717567 -10.9538901373685 2.69716610276071 -4.06125901039486 4.88087842610684e-05 0.0121904819570445 .
evgLocus_228491 88.7470854720472 -10.4595709616113 2.59402498831307 -4.03217818206652 5.52622614724763e-05 0.0132714446397747 NDUC2_MOUSE
evgLocus_228207 1474.18890187804 -10.0016834513703 2.50838922381829 -3.98729326230545 6.68313964615084e-05 0.0139312548072917 RL11_DROME
evgLocus_349522 9860.22227772242 -10.9665389178041 2.74520089324238 -3.99480378459714 6.47478533488602e-05 0.0139312548072917 .
evgLocus_398786 4856.37563397724 -11.731219594749 2.94242060664745 -3.98692816664148 6.69342799837847e-05 0.0139312548072917 .
evgLocus_462293 2586.13840850762 -9.22033300116874 2.30299067756213 -4.00363453096089 6.23767029324383e-05 0.0139312548072917 .
evgLocus_447386 7636.21202846907 -10.9608588887424 2.78380971371792 -3.93735923641982 8.23832289547417e-05 0.0157449729846414 .
evgLocus_449094 301.806935902311 -9.46345017543034 2.4064490504139 -3.9325371022514 8.40540013225331e-05 0.0157449729846414 .
evgLocus_469060 7167.83151036933 -11.6733054829733 2.97114274465439 -3.92889419533127 8.5337373501193e-05 0.0157449729846414 .
evgLocus_769701 10693.6202592657 -10.9005950518491 2.77525874292353 -3.92777613245751 8.5734958596702e-05 0.0157449729846414 .
evgLocus_281061 1475.11876785365 -10.3583458270553 2.64871376791094 -3.91070788869156 9.20260144017212e-05 0.0164000544927695 .
evgLocus_677720 131.324900161033 -11.0253914476347 2.82401463363296 -3.90415521092787 9.45550867616436e-05 0.0164000544927695 CU12_HYACE
evgLocus_367513 2298.67449056192 -10.2057546478299 2.61965160500318 -3.89584425208999 9.78572601532261e-05 0.0165140738485606 .
evgLocus_271790 19871.0216046306 -10.7680142186304 2.78858740123325 -3.86145839067775 0.00011271220976433 0.017594375944212 .
evgLocus_367563 26710.5363976126 -11.0270616596506 2.85453874875815 -3.86299245874587 0.000112006466848545 0.017594375944212 .
evgLocus_455385 13515.7600909051 -9.92703653020103 2.56617369817575 -3.86841956070939 0.000109543061096351 0.017594375944212 .
evgLocus_450076 392.274739173028 -9.90353232090318 2.58035399498746 -3.83805181000032 0.000124014319767548 0.0188864734787456 .
evgLocus_296398 6457.86428611757 -10.4024742243777 2.72255714458562 -3.82084697287815 0.00013299415653075 0.0193973845582269 .
evgLocus_643457 14738.7588312159 -7.69275129340979 2.0139364098573 -3.81975878471499 0.000133582244715528 0.0193973845582269 CU08_LOCMI
evgLocus_387352 15147.6018105405 -11.5637136537314 3.03672196844869 -3.807959297518 0.000140118328550956 0.0198840646243675 .
evgLocus_134903 56.970510691415 -9.82019051399033 2.5893779338301 -3.79249022929021 0.000149144120467353 0.0206945752932923 PEBPH_CAEEL
evgLocus_422752 8830.49520166249 -11.3125094978105 2.99569353632937 -3.7762572708528 0.000159202554508653 0.0216100163120006 .
evgLocus_270931 335.991133488184 -9.67938661717493 2.5698771008137 -3.7664784102361 0.000165566394032626 0.0219956715816961 .
evgLocus_356417 6512.16799131633 -11.1662082051152 2.97300892353407 -3.75586097866188 0.000172746571345916 0.0220128488057939 .
evgLocus_608029 9450.70643136291 -8.95359457493734 2.38290891434692 -3.75742208232548 0.000171672796309033 0.0220128488057939 .
evgLocus_434372 19999.2205101021 -7.12832523401333 1.90243414929379 -3.74694978885837 0.000178997898416466 0.0223532575542483 CU08_LOCMI
evgLocus_833278 91.9898194074332 -10.5053572308876 2.82491080956237 -3.7188279344349 0.000200149327425421 0.0245045568714574 RS8_SPOFR
evgLocus_374466 4239.31611655202 -10.8334040243076 2.94408978102116 -3.67971251900819 0.000233497031394145 0.025578166035527 .
evgLocus_42766 51.3049037645626 -9.67189518124461 2.6277302664186 -3.68070319273168 0.000232591624229193 0.025578166035527 CY1_BOVIN
evgLocus_434174 1509.41494739346 -8.61178305377405 2.33772919929847 -3.6838240529991 0.000229760864816088 0.025578166035527 KALM_HUMAN
evgLocus_491288 6006.90970339648 -10.9859464199266 2.97005814841297 -3.69889943932473 0.000216536365955276 0.025578166035527 .
evgLocus_563035 11942.7536752416 -11.1487027918961 3.02654746770292 -3.6836371842394 0.000229929448937151 0.025578166035527 .
evgLocus_704373 2128.97190626759 -10.6755758266033 2.89531755987299 -3.68718650228875 0.000226747175719253 0.025578166035527 .
evgLocus_462203 11666.2160442403 -7.21349250495259 1.96358821676219 -3.67362792431454 0.000239130872090408 0.0257436752643535 CU08_LOCMI
evgLocus_279928 5455.40094839902 -8.63609698394301 2.35537780715426 -3.66654426211863 0.000245850380942781 0.0260184708238428 .
evgLocus_516907 43.9981826500881 -9.44156146208391 2.5992564485279 -3.63240859416975 0.00028078805146328 0.0283982296503406 PEBPH_CAEEL
evgLocus_609574 196.772879762964 -8.30178749872924 2.28616583809632 -3.63131464935287 0.000281981140025803 0.0283982296503406 .
evgLocus_223990 4333.49298686066 -9.77939378703456 2.69888942901158 -3.62348812141447 0.000290656558227809 0.0288072944376895 ST1E1_BOVIN
evgLocus_239137 1771.73151319983 -8.09847834959102 2.24783282539993 -3.60279388132441 0.000314815159398907 0.0307141539888559 .
evgLocus_451787 664.659725505635 -7.62801318515618 2.1281709397508 -3.58430473919044 0.000337977296790785 0.0324666190947948 .
evgLocus_372132 2726.7157802466 -9.56152407679609 2.67595348796008 -3.57312790368602 0.00035274235571258 0.0333715646828689 KALM_CHICK
evgLocus_218259 1972.36085126783 -8.57316501627238 2.41001483858199 -3.55730797961256 0.000374674793489387 0.0344039619198196 .
evgLocus_280342 5817.6388834359 -9.54839427733519 2.69019256061895 -3.54933487554449 0.000386205597028317 0.0349488079397798 .
evgLocus_398561 326.654407500674 -7.98135919239099 2.25315995119139 -3.54229587125881 0.000396660292556864 0.0353820980960723 .
evgLocus_152731 40.1815796247652 -9.32122604082461 2.64561196688757 -3.52327784931762 0.000426244257352089 0.0374854808860062 RL4_DROME
evgLocus_331023 1957.44201869604 -10.1814797811491 2.89357090206495 -3.51865571148895 0.000433739195424402 0.0376148268920829 .
evgLocus_200689 35.0154873117417 -9.11857234679447 2.59857034669442 -3.50907273239456 0.000449671917290565 0.0379425871832741 ENY2_DROVI
evgLocus_462854 45.535062330531 -9.50211504629247 2.70574921581264 -3.51182400451648 0.000445042611042938 0.0379425871832741 SGTA_HUMAN
evgLocus_51328 6166.77663741919 -9.56690985986213 2.73769501468574 -3.49451264970811 0.000474928102978944 0.0395393476666737 .
evgLocus_774600 99.1993242470486 -8.45897254169994 2.43683802982397 -3.47129043382132 0.000517963451404713 0.0425547867180399 PEB3_DROME
evgLocus_340337 1109.61521739799 -9.88340928562417 2.85688579706085 -3.45950450514759 0.000541170224205061 0.0438839854537195 KALM_CHICK
evgLocus_340184 499.068998625095 -7.92829722802693 2.29856143610651 -3.44924312375854 0.000562160308189335 0.0450016533889001 HEXC_BOMMO
evgLocus_263359 4051.03909590581 -8.57761825623546 2.50863112389573 -3.41924254009694 0.000627957265033707 0.0490120645358809 .
