baseMean log2FoldChange lfcSE stat pvalue padj protein
evgLocus_154683 10.8102111588523 -3.43745072934604 0.54819033546257 -6.27054237730309 3.59792608882469e-10 7.00287250561241e-07 .
evgLocus_660333 27.6741761236648 -3.82329599314779 0.609535899690603 -6.2724705716078 3.5536363616735e-10 7.00287250561241e-07 .
evgLocus_5517 26.3057648032061 -4.50711588868515 0.768882436069806 -5.86190512001234 4.57586479386896e-09 6.53128434911563e-06 RTBS_DROME
evgLocus_689513 33.0279827226292 -2.9300042318313 0.507277424712417 -5.77594051912002 7.65244057840994e-09 8.19193763918784e-06 .
evgLocus_340780 12202.4672565443 -10.6087613282314 1.94064917004853 -5.46660441875027 4.58738237962346e-08 3.85034857407796e-05 .
evgLocus_357575 93.0834468404658 -4.09479425521797 0.750891383721055 -5.45324442920911 4.94590102746218e-08 3.92191633325797e-05 .
evgLocus_423277 24.5329934374661 -4.31607142013706 0.796123550023321 -5.42135880795214 5.91477040228823e-08 4.52268693974968e-05 .
evgLocus_758849 28.1796274287144 -3.44921636814849 0.647204419482148 -5.32940793406253 9.85334536168714e-08 7.03200413979072e-05 RTJK_DROME
evgLocus_126986 74.5233062657286 -3.57478584131226 0.682682202171661 -5.23638353239708 1.63753494033639e-07 0.000109561322101882 .
evgLocus_224651 14.8530294299637 -4.27838891057011 0.830723318999968 -5.15019719889466 2.60212720287051e-07 0.000168822858828659 .
evgLocus_262316 21.4432645542279 -4.91079183926946 0.968434238412246 -5.07085731223293 3.96027620292582e-07 0.000229913072522754 .
evgLocus_357131 5288.69791977666 -7.32649304833866 1.45295012146629 -5.04249453583783 4.59501881122535e-07 0.000252254750636756 .
evgLocus_340903 37.9798026511803 -4.15732685560575 0.830209913391942 -5.00756108611182 5.51240597121724e-07 0.000271467481228975 .
evgLocus_657902 16.0557471364598 -2.72847611607412 0.549163792725031 -4.96841953569995 6.75007988466849e-07 0.000307487681554792 .
evgLocus_341111 41.8820113706517 -3.84572915984382 0.807897297984662 -4.76017084032484 1.93429157452067e-06 0.000735890147129056 .
evgLocus_362800 14.7766764712942 -4.3542760273944 0.916569463297075 -4.75062305886914 2.02790839236872e-06 0.000735890147129056 .
evgLocus_160981 30.2148251892218 -3.8723532993612 0.822172789597839 -4.70990204048877 2.47835880225664e-06 0.000869863310759257 .
evgLocus_720881 114.250816746195 -4.1974454214495 0.908667172192187 -4.61934308832027 3.84956870434296e-06 0.00116083473183074 .
evgLocus_123477 33.0285571372943 -3.27068678184019 0.71481004883232 -4.57560268939004 4.74850973764312e-06 0.00137385937139107 .
evgLocus_26993 713.411852419858 -2.10246149531372 0.471509081165361 -4.45900530720928 8.23408825164699e-06 0.00214990035936295 SAP18_DROME
evgLocus_125549 197.901114641597 -2.47445907515501 0.557575242736628 -4.43789265644246 9.0843900815918e-06 0.00233363192453919 RPAB4_HUMAN
evgLocus_43021 170.530256861006 -2.49428511113572 0.582691761209906 -4.28062532745712 1.86368896757143e-05 0.00395065156393112 .
evgLocus_161625 440.181427181213 -3.05857178205561 0.720661913191927 -4.2441146480306 2.19458137291433e-05 0.00457117817195829 RS2_DROME
evgLocus_25763 61.2003124005696 -1.23693241858608 0.29297811225441 -4.22192773742764 2.42221771940439e-05 0.00484669919368672 .
evgLocus_477043 18.618480049128 -3.71282572197867 0.881883300034147 -4.21011002457458 2.55246354314771e-05 0.00501360040906353 .
evgLocus_258049 31.4604533627042 -1.29457671536505 0.310525769727736 -4.16898319421319 3.05961545747931e-05 0.00559883478159248 LYRM4_XENLA
evgLocus_272453 25.2345642386317 -4.15015594503649 0.99658275528984 -4.16438667336711 3.1219064309022e-05 0.00566440819369629 .
evgLocus_12870 61.3994300871214 -5.04844652318325 1.21439967305072 -4.15715405332821 3.22236707125694e-05 0.00574923991630092 .
evgLocus_642628 9.18047285277808 -3.91901508959485 0.945373168468005 -4.14546892201911 3.39118995454128e-05 0.00585527233280071 .
evgLocus_758631 46.3868471743875 -2.50052566386273 0.60300980865543 -4.14674127679335 3.37240773236841e-05 0.00585527233280071 POLX_TOBAC
evgLocus_763271 15.930732547663 -3.85005671733101 0.931718948799131 -4.13220823971999 3.59294681895692e-05 0.00605708593652501 .
evgLocus_368276 2642.1324282283 -4.39085613681571 1.06603313851647 -4.11887396195409 3.80728308118021e-05 0.00626485599611 RLA2_DROME
evgLocus_643472 3.17797256038017 -3.44875341174346 0.84456536446718 -4.08346536199624 4.43690453567971e-05 0.00693387781816807 .
evgLocus_455880 5853.51496726877 -7.75455919672583 1.91133416908269 -4.05714464909477 4.96763176362929e-05 0.00752512269402939 .
evgLocus_804631 18.5685425358544 -4.13326338481019 1.02359187720099 -4.03799939885473 5.39089912638665e-05 0.00776297821653794 .
evgLocus_797687 2.91730811537534 -3.27316548536431 0.824786378451418 -3.96850090020868 7.23261842053937e-05 0.00936538215066701 OPSD_SPHSP
evgLocus_489307 186.597908703447 -4.99679698369906 1.27310737813731 -3.92488259003723 8.6772049236755e-05 0.0107014902774382 COG8_DROME
evgLocus_447386 3213.03137511189 -5.06273567368587 1.29470192350689 -3.91034846072732 9.21630666846337e-05 0.0110235265794302 .
evgLocus_324407 26.7216195938565 -3.17879877402042 0.814617232652597 -3.90219927421552 9.53226296790713e-05 0.0113380972301606 ES16_MANSE
evgLocus_424617 33.6200976893144 -2.80777181590902 0.721593435783094 -3.89107172636895 9.98024225593268e-05 0.0115343987718282 .
evgLocus_456264 107.365174636265 -3.99600151130322 1.02793544340716 -3.88740512542129 0.000101321569772096 0.0116005069990405 .
evgLocus_645570 3.37627531825831 -3.5949862692276 0.929001031045596 -3.86973334699255 0.000108954455014811 0.0122131669207701 .
evgLocus_367112 39.7726479482468 -9.08511958054885 2.34864905727042 -3.86823205979846 0.000109627309983765 0.0122245870143355 .
evgLocus_137621 16759.396483932 -1.56045425646184 0.405092246709116 -3.85209608216064 0.000117111051083706 0.0128581928394982 RS15A_DROYA
evgLocus_271036 137.295902505567 -3.33099461492143 0.866560657957599 -3.8439255051946 0.000121081774601009 0.0131320196352458 GAGXE_DROME
evgLocus_734788 1057.42102892935 -3.55702076372979 0.92929515458429 -3.82765448219837 0.000129370187886436 0.0136444124268404 .
evgLocus_224353 24.1859511057774 -2.49522033137941 0.653546499161222 -3.81796908801721 0.000134554779943394 0.014052769944332 DSX_DROME
evgLocus_17480 3.80409657387485 -2.61393667452719 0.694652754892171 -3.76294005331188 0.000167927465368798 0.0164785443734715 .
evgLocus_842404 240.876037634782 -6.87265245552345 1.8285728441289 -3.75847890205186 0.000170949450065935 0.0165734880843419 .
evgLocus_368026 18.7986982272143 -3.94110784920649 1.05365258797087 -3.74042440003521 0.000183709797495727 0.0172509945806295 .
evgLocus_757646 15.0335893030878 -1.66331001414731 0.445565457093168 -3.73303178616808 0.000189188708719469 0.017408591675726 NEUL4_XENTR
evgLocus_225808 33.4016976885265 -3.67830192340107 0.992479636225 -3.70617369782203 0.000210414020248539 0.0186155544360381 .
evgLocus_363462 28.4252456951438 -1.91780859801486 0.518288253381889 -3.70027409554614 0.00021536672423557 0.0187778658986636 RLA2_DROME
evgLocus_476842 24.1102282768432 -4.11707092283838 1.11367451343138 -3.6968350026734 0.000218304124819791 0.0188683259301933 .
evgLocus_155563 568.790306719406 -2.7493069297038 0.746702242460253 -3.68193206524372 0.000231473097873037 0.0196660278788164 T2AG_DROME
evgLocus_359118 362.54698666387 -5.17475490288781 1.40676334779943 -3.67848288838528 0.000234625428998523 0.0198550610073453 .
evgLocus_449395 215.455528992722 -0.953883232139069 0.260071665893921 -3.66777068490092 0.000244674468534819 0.0203831921063442 TAF10_MOUSE
evgLocus_340422 26.6996622754086 -2.796624724311 0.765267595838979 -3.65444027620822 0.000257743649836551 0.0208237416717002 RHG20_HUMAN
evgLocus_4004 1304.63443931861 -1.22508783270955 0.336103138438947 -3.64497587972417 0.000267416881044714 0.0212485156855629 PSB2_BOVIN
evgLocus_426743 89.2561005443835 -2.63542885982685 0.723134734173077 -3.64445066083091 0.000267963532699766 0.0212485156855629 .
evgLocus_28662 30.3969575667421 -2.48568640451568 0.685636950700103 -3.62536820977566 0.000288550022577189 0.0225394762069766 HARB1_XENLA
evgLocus_28782 3028.49510554789 -1.51973334815358 0.419084369837013 -3.62631836817161 0.000287490871168733 0.0225394762069766 HINT1_BOVIN
evgLocus_449914 38.9616249030944 -3.36118397921608 0.926962091055066 -3.62602096854941 0.000287821993372495 0.0225394762069766 .
evgLocus_34693 92.398928494588 -2.09879666490913 0.582029098535138 -3.60599954571244 0.000310953679154619 0.0233428803899242 .
evgLocus_736187 41.8692619537535 -1.9028392957367 0.527792782445256 -3.60527722058054 0.000311819887506695 0.0233428803899242 GAGXE_DROME
evgLocus_4934 25.4040122546803 -3.73776375473131 1.03743478029708 -3.60289034618731 0.000314698307523602 0.0233947595975011 .
evgLocus_5980 66.6308053455573 -1.26919375911843 0.352768637195652 -3.59780781309795 0.000320910599034944 0.0237740343437306 RPC9_BOVIN
evgLocus_341229 15.7112090867868 -2.20326950478844 0.614429567307812 -3.58587805994151 0.000335945920597872 0.0245481302389094 .
evgLocus_450387 23.7257959264288 -2.08333748643145 0.582033617643539 -3.57941091936611 0.000344369609474406 0.0247090727524309 HARB1_XENLA
evgLocus_725426 245.336329158266 -1.06255178261236 0.296895254296569 -3.57887762514039 0.000345072991731753 0.0247090727524309 BUD31_BRABE
evgLocus_349726 13.4612169666887 -3.16042321354013 0.883788680752576 -3.57599421939748 0.000348899360570224 0.0248170608299286 DHGL_DROPS
evgLocus_612576 884.039040097261 -1.35704265222927 0.380124119218677 -3.5699988072806 0.000356982853206487 0.0250734871439006 ATP5I_BOVIN
evgLocus_512192 22.5292984080858 -1.8023017430352 0.505349135121422 -3.56644865455673 0.000361851667393012 0.0252024433426184 RTJK_DROME
evgLocus_457566 56.9717002200254 -2.14272893869647 0.601207360306072 -3.56404309089897 0.000365185964613733 0.0253030145708091 .
evgLocus_375172 2045.845116704 -1.43546326290421 0.403698482830474 -3.55578067284193 0.00037685837667372 0.0257780761807807 GPX4_BOVIN
evgLocus_378210 122.785493620285 -2.18536624016337 0.615213276222237 -3.55220916814861 0.000382011057614384 0.0260473144698215 CHCH7_HUMAN
evgLocus_369877 54.2525222296409 -2.41184797959001 0.683923227417965 -3.52648935275313 0.000421108096815283 0.0278421935857809 .
evgLocus_425805 65.0101352534761 -2.78489771296728 0.789351374561027 -3.52808369341982 0.000418579788811357 0.0278421935857809 NDUC2_MOUSE
evgLocus_33705 99.5756423713752 -4.22348773597742 1.19835612239342 -3.52440118346628 0.000424441092739166 0.0278751036673176 .
evgLocus_686493 103.083381431994 -3.183215729952 0.903710479332425 -3.52238443921051 0.000427683454055791 0.0280021490866498 SCRT_DROME
evgLocus_66191 1565.26605124902 -0.987338447217827 0.281733655748771 -3.50451011823117 0.000457448184392886 0.0291154152242351 CNOT4_HUMAN
evgLocus_806347 20.7866242209594 -2.47566817083624 0.706747596276282 -3.5029028522772 0.000460217278259995 0.0291508087859865 BBS2_MOUSE
evgLocus_735888 60.8659642793079 -1.42543329442246 0.407169979540869 -3.50083101909871 0.000463809833559845 0.0292063780485773 HMT2_ARATH
evgLocus_313026 1414.63835274901 -2.0976034846157 0.605106926503244 -3.46650053526441 0.000527280685049721 0.031890054991284 RL32_SPOFR
evgLocus_25541 522.44255620257 -2.03109835112951 0.586526801593809 -3.46292504555678 0.000534337223140848 0.0322258026688607 BAMBI_SHEEP
evgLocus_36292 21.6878647663528 -3.52167889717504 1.01960029515922 -3.4539798722058 0.000552378600479091 0.0330347090398249 .
evgLocus_362057 379.448061766769 -5.09316580838747 1.47627287060191 -3.45001653136852 0.000560552226189812 0.0333372865631219 .
evgLocus_4457 23.1916726602308 -0.953316180045974 0.277399279665521 -3.43662096453694 0.000589019265813418 0.0346750630742595 POP5_HUMAN
evgLocus_469227 186.809293079276 -2.95899634743337 0.861077329030164 -3.43638863511376 0.00058952465945962 0.0346750630742595 VGLL4_HUMAN
evgLocus_763068 52.0487514771749 -1.27217187944552 0.372039842562241 -3.41945064454405 0.000627477143873238 0.0366056829709156 GNS_MOUSE
evgLocus_53484 42.4221965698431 -1.0343372551577 0.303713114489987 -3.40563909100408 0.000660093789332036 0.0378890295699702 B4GT7_MOUSE
evgLocus_35238 1450.94255648687 -2.13664687210678 0.627679344557834 -3.40404203297773 0.000663965353599995 0.0379750711372969 RL15_CHITE
evgLocus_244754 14.1320768900872 -3.6256544490073 1.06987139710272 -3.38886940881474 0.000701814257252726 0.039334668187908 SDC_DROME
evgLocus_456794 34.4092566071895 -3.64331653422476 1.07836074508534 -3.3785693246247 0.0007286405857112 0.0405199868573423 .
evgLocus_345381 146.123554004902 -4.31800625311344 1.27906497771664 -3.37590843963364 0.000735723989360014 0.0408079031404091 .
evgLocus_3676 5600.29842432672 -0.91666192503007 0.271829343791425 -3.37219636498636 0.000745712604975845 0.0411487290529197 ATPO_DROME
evgLocus_371962 19.4878247217912 -2.42354255893744 0.7185443009163 -3.37285057559694 0.000743943133523213 0.0411487290529197 S6A14_HUMAN
evgLocus_156954 750.534339290415 -1.44561892483689 0.430245089381121 -3.35998936540175 0.000779454728076686 0.0420490155903218 USMG5_HUMAN
evgLocus_207628 249.855594393048 -1.54986078808653 0.461281671739631 -3.35990108222062 0.000779703838830349 0.0420490155903218 HYI_DANRE
evgLocus_693566 5.67409253256139 -4.76950354216333 1.41992897117478 -3.35897332823434 0.000782326177246505 0.0420844307910745 RPR2_SCHPO
evgLocus_178560 66.2608173878101 -3.86094993384757 1.15710223549501 -3.33674053632422 0.00084767042725983 0.0447010439596871 .
evgLocus_747134 688.605676135687 -5.43587359185886 1.62908289002559 -3.33676918783025 0.000847583052764013 0.0447010439596871 .
evgLocus_341995 50.5868323790238 -1.2494880263269 0.375616458034996 -3.32649967699362 0.000879441217662994 0.0461491089955017 .
evgLocus_759002 112.763013642745 -1.25575211475146 0.378479737210681 -3.31788466142495 0.000907019297193522 0.0471341824099838 RBM12_MOUSE
evgLocus_131563 44.2369393491298 -1.57553604698839 0.475212499256666 -3.31543477802639 0.000915006902551464 0.0473195598638329 ACPH_RAT
evgLocus_609290 6.69539926254453 -6.00312739896172 1.81433893985112 -3.30871330990355 0.000937257571174652 0.0480064224852854 CU19_LOCMI
evgLocus_822239 18.441942867261 -2.14688903501289 0.650828753174843 -3.29870034865552 0.000971335376934228 0.0490478547645326 RTBS_DROME
evgLocus_1510 12.0473440869469 -3.36300435935724 1.02168006043121 -3.29164137542025 0.000996045388687209 0.0498255415228812 CTNS_HUMAN
